// format: x y z radius color_R color_G color_B alpha diffuse_coefficient specular_coefficient phong_exponent (please don't delete this line)
1000
-9 -9 -0 0.3 255 255 255 1 0.5 300 50
-9 -9 -2 0.3 255 255 255 1 0.5 300 50
-9 -9 -4 0.3 255 255 255 1 0.5 300 50
-9 -9 -6 0.3 255 255 255 1 0.5 300 50
-9 -9 -8 0.3 255 255 255 1 0.5 300 50
-9 -9 -10 0.3 255 255 255 1 0.5 300 50
-9 -9 -12 0.3 255 255 255 1 0.5 300 50
-9 -9 -14 0.3 255 255 255 1 0.5 300 50
-9 -9 -16 0.3 255 255 255 1 0.5 300 50
-9 -9 -18 0.3 255 255 255 1 0.5 300 50
-9 -7 -0 0.3 255 255 255 1 0.5 300 50
-9 -7 -2 0.3 255 255 255 1 0.5 300 50
-9 -7 -4 0.3 255 255 255 1 0.5 300 50
-9 -7 -6 0.3 255 255 255 1 0.5 300 50
-9 -7 -8 0.3 255 255 255 1 0.5 300 50
-9 -7 -10 0.3 255 255 255 1 0.5 300 50
-9 -7 -12 0.3 255 255 255 1 0.5 300 50
-9 -7 -14 0.3 255 255 255 1 0.5 300 50
-9 -7 -16 0.3 255 255 255 1 0.5 300 50
-9 -7 -18 0.3 255 255 255 1 0.5 300 50
-9 -5 -0 0.3 255 255 255 1 0.5 300 50
-9 -5 -2 0.3 255 255 255 1 0.5 300 50
-9 -5 -4 0.3 255 255 255 1 0.5 300 50
-9 -5 -6 0.3 255 255 255 1 0.5 300 50
-9 -5 -8 0.3 255 255 255 1 0.5 300 50
-9 -5 -10 0.3 255 255 255 1 0.5 300 50
-9 -5 -12 0.3 255 255 255 1 0.5 300 50
-9 -5 -14 0.3 255 255 255 1 0.5 300 50
-9 -5 -16 0.3 255 255 255 1 0.5 300 50
-9 -5 -18 0.3 255 255 255 1 0.5 300 50
-9 -3 -0 0.3 255 255 255 1 0.5 300 50
-9 -3 -2 0.3 255 255 255 1 0.5 300 50
-9 -3 -4 0.3 255 255 255 1 0.5 300 50
-9 -3 -6 0.3 255 255 255 1 0.5 300 50
-9 -3 -8 0.3 255 255 255 1 0.5 300 50
-9 -3 -10 0.3 255 255 255 1 0.5 300 50
-9 -3 -12 0.3 255 255 255 1 0.5 300 50
-9 -3 -14 0.3 255 255 255 1 0.5 300 50
-9 -3 -16 0.3 255 255 255 1 0.5 300 50
-9 -3 -18 0.3 255 255 255 1 0.5 300 50
-9 -1 -0 0.3 255 255 255 1 0.5 300 50
-9 -1 -2 0.3 255 255 255 1 0.5 300 50
-9 -1 -4 0.3 255 255 255 1 0.5 300 50
-9 -1 -6 0.3 255 255 255 1 0.5 300 50
-9 -1 -8 0.3 255 255 255 1 0.5 300 50
-9 -1 -10 0.3 255 255 255 1 0.5 300 50
-9 -1 -12 0.3 255 255 255 1 0.5 300 50
-9 -1 -14 0.3 255 255 255 1 0.5 300 50
-9 -1 -16 0.3 255 255 255 1 0.5 300 50
-9 -1 -18 0.3 255 255 255 1 0.5 300 50
-9 1 -0 0.3 255 255 255 1 0.5 300 50
-9 1 -2 0.3 255 255 255 1 0.5 300 50
-9 1 -4 0.3 255 255 255 1 0.5 300 50
-9 1 -6 0.3 255 255 255 1 0.5 300 50
-9 1 -8 0.3 255 255 255 1 0.5 300 50
-9 1 -10 0.3 255 255 255 1 0.5 300 50
-9 1 -12 0.3 255 255 255 1 0.5 300 50
-9 1 -14 0.3 255 255 255 1 0.5 300 50
-9 1 -16 0.3 255 255 255 1 0.5 300 50
-9 1 -18 0.3 255 255 255 1 0.5 300 50
-9 3 -0 0.3 255 255 255 1 0.5 300 50
-9 3 -2 0.3 255 255 255 1 0.5 300 50
-9 3 -4 0.3 255 255 255 1 0.5 300 50
-9 3 -6 0.3 255 255 255 1 0.5 300 50
-9 3 -8 0.3 255 255 255 1 0.5 300 50
-9 3 -10 0.3 255 255 255 1 0.5 300 50
-9 3 -12 0.3 255 255 255 1 0.5 300 50
-9 3 -14 0.3 255 255 255 1 0.5 300 50
-9 3 -16 0.3 255 255 255 1 0.5 300 50
-9 3 -18 0.3 255 255 255 1 0.5 300 50
-9 5 -0 0.3 255 255 255 1 0.5 300 50
-9 5 -2 0.3 255 255 255 1 0.5 300 50
-9 5 -4 0.3 255 255 255 1 0.5 300 50
-9 5 -6 0.3 255 255 255 1 0.5 300 50
-9 5 -8 0.3 255 255 255 1 0.5 300 50
-9 5 -10 0.3 255 255 255 1 0.5 300 50
-9 5 -12 0.3 255 255 255 1 0.5 300 50
-9 5 -14 0.3 255 255 255 1 0.5 300 50
-9 5 -16 0.3 255 255 255 1 0.5 300 50
-9 5 -18 0.3 255 255 255 1 0.5 300 50
-9 7 -0 0.3 255 255 255 1 0.5 300 50
-9 7 -2 0.3 255 255 255 1 0.5 300 50
-9 7 -4 0.3 255 255 255 1 0.5 300 50
-9 7 -6 0.3 255 255 255 1 0.5 300 50
-9 7 -8 0.3 255 255 255 1 0.5 300 50
-9 7 -10 0.3 255 255 255 1 0.5 300 50
-9 7 -12 0.3 255 255 255 1 0.5 300 50
-9 7 -14 0.3 255 255 255 1 0.5 300 50
-9 7 -16 0.3 255 255 255 1 0.5 300 50
-9 7 -18 0.3 255 255 255 1 0.5 300 50
-9 9 -0 0.3 255 255 255 1 0.5 300 50
-9 9 -2 0.3 255 255 255 1 0.5 300 50
-9 9 -4 0.3 255 255 255 1 0.5 300 50
-9 9 -6 0.3 255 255 255 1 0.5 300 50
-9 9 -8 0.3 255 255 255 1 0.5 300 50
-9 9 -10 0.3 255 255 255 1 0.5 300 50
-9 9 -12 0.3 255 255 255 1 0.5 300 50
-9 9 -14 0.3 255 255 255 1 0.5 300 50
-9 9 -16 0.3 255 255 255 1 0.5 300 50
-9 9 -18 0.3 255 255 255 1 0.5 300 50
-7 -9 -0 0.3 255 255 255 1 0.5 300 50
-7 -9 -2 0.3 255 255 255 1 0.5 300 50
-7 -9 -4 0.3 255 255 255 1 0.5 300 50
-7 -9 -6 0.3 255 255 255 1 0.5 300 50
-7 -9 -8 0.3 255 255 255 1 0.5 300 50
-7 -9 -10 0.3 255 255 255 1 0.5 300 50
-7 -9 -12 0.3 255 255 255 1 0.5 300 50
-7 -9 -14 0.3 255 255 255 1 0.5 300 50
-7 -9 -16 0.3 255 255 255 1 0.5 300 50
-7 -9 -18 0.3 255 255 255 1 0.5 300 50
-7 -7 -0 0.3 255 255 255 1 0.5 300 50
-7 -7 -2 0.3 255 255 255 1 0.5 300 50
-7 -7 -4 0.3 255 255 255 1 0.5 300 50
-7 -7 -6 0.3 255 255 255 1 0.5 300 50
-7 -7 -8 0.3 255 255 255 1 0.5 300 50
-7 -7 -10 0.3 255 255 255 1 0.5 300 50
-7 -7 -12 0.3 255 255 255 1 0.5 300 50
-7 -7 -14 0.3 255 255 255 1 0.5 300 50
-7 -7 -16 0.3 255 255 255 1 0.5 300 50
-7 -7 -18 0.3 255 255 255 1 0.5 300 50
-7 -5 -0 0.3 255 255 255 1 0.5 300 50
-7 -5 -2 0.3 255 255 255 1 0.5 300 50
-7 -5 -4 0.3 255 255 255 1 0.5 300 50
-7 -5 -6 0.3 255 255 255 1 0.5 300 50
-7 -5 -8 0.3 255 255 255 1 0.5 300 50
-7 -5 -10 0.3 255 255 255 1 0.5 300 50
-7 -5 -12 0.3 255 255 255 1 0.5 300 50
-7 -5 -14 0.3 255 255 255 1 0.5 300 50
-7 -5 -16 0.3 255 255 255 1 0.5 300 50
-7 -5 -18 0.3 255 255 255 1 0.5 300 50
-7 -3 -0 0.3 255 255 255 1 0.5 300 50
-7 -3 -2 0.3 255 255 255 1 0.5 300 50
-7 -3 -4 0.3 255 255 255 1 0.5 300 50
-7 -3 -6 0.3 255 255 255 1 0.5 300 50
-7 -3 -8 0.3 255 255 255 1 0.5 300 50
-7 -3 -10 0.3 255 255 255 1 0.5 300 50
-7 -3 -12 0.3 255 255 255 1 0.5 300 50
-7 -3 -14 0.3 255 255 255 1 0.5 300 50
-7 -3 -16 0.3 255 255 255 1 0.5 300 50
-7 -3 -18 0.3 255 255 255 1 0.5 300 50
-7 -1 -0 0.3 255 255 255 1 0.5 300 50
-7 -1 -2 0.3 255 255 255 1 0.5 300 50
-7 -1 -4 0.3 255 255 255 1 0.5 300 50
-7 -1 -6 0.3 255 255 255 1 0.5 300 50
-7 -1 -8 0.3 255 255 255 1 0.5 300 50
-7 -1 -10 0.3 255 255 255 1 0.5 300 50
-7 -1 -12 0.3 255 255 255 1 0.5 300 50
-7 -1 -14 0.3 255 255 255 1 0.5 300 50
-7 -1 -16 0.3 255 255 255 1 0.5 300 50
-7 -1 -18 0.3 255 255 255 1 0.5 300 50
-7 1 -0 0.3 255 255 255 1 0.5 300 50
-7 1 -2 0.3 255 255 255 1 0.5 300 50
-7 1 -4 0.3 255 255 255 1 0.5 300 50
-7 1 -6 0.3 255 255 255 1 0.5 300 50
-7 1 -8 0.3 255 255 255 1 0.5 300 50
-7 1 -10 0.3 255 255 255 1 0.5 300 50
-7 1 -12 0.3 255 255 255 1 0.5 300 50
-7 1 -14 0.3 255 255 255 1 0.5 300 50
-7 1 -16 0.3 255 255 255 1 0.5 300 50
-7 1 -18 0.3 255 255 255 1 0.5 300 50
-7 3 -0 0.3 255 255 255 1 0.5 300 50
-7 3 -2 0.3 255 255 255 1 0.5 300 50
-7 3 -4 0.3 255 255 255 1 0.5 300 50
-7 3 -6 0.3 255 255 255 1 0.5 300 50
-7 3 -8 0.3 255 255 255 1 0.5 300 50
-7 3 -10 0.3 255 255 255 1 0.5 300 50
-7 3 -12 0.3 255 255 255 1 0.5 300 50
-7 3 -14 0.3 255 255 255 1 0.5 300 50
-7 3 -16 0.3 255 255 255 1 0.5 300 50
-7 3 -18 0.3 255 255 255 1 0.5 300 50
-7 5 -0 0.3 255 255 255 1 0.5 300 50
-7 5 -2 0.3 255 255 255 1 0.5 300 50
-7 5 -4 0.3 255 255 255 1 0.5 300 50
-7 5 -6 0.3 255 255 255 1 0.5 300 50
-7 5 -8 0.3 255 255 255 1 0.5 300 50
-7 5 -10 0.3 255 255 255 1 0.5 300 50
-7 5 -12 0.3 255 255 255 1 0.5 300 50
-7 5 -14 0.3 255 255 255 1 0.5 300 50
-7 5 -16 0.3 255 255 255 1 0.5 300 50
-7 5 -18 0.3 255 255 255 1 0.5 300 50
-7 7 -0 0.3 255 255 255 1 0.5 300 50
-7 7 -2 0.3 255 255 255 1 0.5 300 50
-7 7 -4 0.3 255 255 255 1 0.5 300 50
-7 7 -6 0.3 255 255 255 1 0.5 300 50
-7 7 -8 0.3 255 255 255 1 0.5 300 50
-7 7 -10 0.3 255 255 255 1 0.5 300 50
-7 7 -12 0.3 255 255 255 1 0.5 300 50
-7 7 -14 0.3 255 255 255 1 0.5 300 50
-7 7 -16 0.3 255 255 255 1 0.5 300 50
-7 7 -18 0.3 255 255 255 1 0.5 300 50
-7 9 -0 0.3 255 255 255 1 0.5 300 50
-7 9 -2 0.3 255 255 255 1 0.5 300 50
-7 9 -4 0.3 255 255 255 1 0.5 300 50
-7 9 -6 0.3 255 255 255 1 0.5 300 50
-7 9 -8 0.3 255 255 255 1 0.5 300 50
-7 9 -10 0.3 255 255 255 1 0.5 300 50
-7 9 -12 0.3 255 255 255 1 0.5 300 50
-7 9 -14 0.3 255 255 255 1 0.5 300 50
-7 9 -16 0.3 255 255 255 1 0.5 300 50
-7 9 -18 0.3 255 255 255 1 0.5 300 50
-5 -9 -0 0.3 255 255 255 1 0.5 300 50
-5 -9 -2 0.3 255 255 255 1 0.5 300 50
-5 -9 -4 0.3 255 255 255 1 0.5 300 50
-5 -9 -6 0.3 255 255 255 1 0.5 300 50
-5 -9 -8 0.3 255 255 255 1 0.5 300 50
-5 -9 -10 0.3 255 255 255 1 0.5 300 50
-5 -9 -12 0.3 255 255 255 1 0.5 300 50
-5 -9 -14 0.3 255 255 255 1 0.5 300 50
-5 -9 -16 0.3 255 255 255 1 0.5 300 50
-5 -9 -18 0.3 255 255 255 1 0.5 300 50
-5 -7 -0 0.3 255 255 255 1 0.5 300 50
-5 -7 -2 0.3 255 255 255 1 0.5 300 50
-5 -7 -4 0.3 255 255 255 1 0.5 300 50
-5 -7 -6 0.3 255 255 255 1 0.5 300 50
-5 -7 -8 0.3 255 255 255 1 0.5 300 50
-5 -7 -10 0.3 255 255 255 1 0.5 300 50
-5 -7 -12 0.3 255 255 255 1 0.5 300 50
-5 -7 -14 0.3 255 255 255 1 0.5 300 50
-5 -7 -16 0.3 255 255 255 1 0.5 300 50
-5 -7 -18 0.3 255 255 255 1 0.5 300 50
-5 -5 -0 0.3 255 255 255 1 0.5 300 50
-5 -5 -2 0.3 255 255 255 1 0.5 300 50
-5 -5 -4 0.3 255 255 255 1 0.5 300 50
-5 -5 -6 0.3 255 255 255 1 0.5 300 50
-5 -5 -8 0.3 255 255 255 1 0.5 300 50
-5 -5 -10 0.3 255 255 255 1 0.5 300 50
-5 -5 -12 0.3 255 255 255 1 0.5 300 50
-5 -5 -14 0.3 255 255 255 1 0.5 300 50
-5 -5 -16 0.3 255 255 255 1 0.5 300 50
-5 -5 -18 0.3 255 255 255 1 0.5 300 50
-5 -3 -0 0.3 255 255 255 1 0.5 300 50
-5 -3 -2 0.3 255 255 255 1 0.5 300 50
-5 -3 -4 0.3 255 255 255 1 0.5 300 50
-5 -3 -6 0.3 255 255 255 1 0.5 300 50
-5 -3 -8 0.3 255 255 255 1 0.5 300 50
-5 -3 -10 0.3 255 255 255 1 0.5 300 50
-5 -3 -12 0.3 255 255 255 1 0.5 300 50
-5 -3 -14 0.3 255 255 255 1 0.5 300 50
-5 -3 -16 0.3 255 255 255 1 0.5 300 50
-5 -3 -18 0.3 255 255 255 1 0.5 300 50
-5 -1 -0 0.3 255 255 255 1 0.5 300 50
-5 -1 -2 0.3 255 255 255 1 0.5 300 50
-5 -1 -4 0.3 255 255 255 1 0.5 300 50
-5 -1 -6 0.3 255 255 255 1 0.5 300 50
-5 -1 -8 0.3 255 255 255 1 0.5 300 50
-5 -1 -10 0.3 255 255 255 1 0.5 300 50
-5 -1 -12 0.3 255 255 255 1 0.5 300 50
-5 -1 -14 0.3 255 255 255 1 0.5 300 50
-5 -1 -16 0.3 255 255 255 1 0.5 300 50
-5 -1 -18 0.3 255 255 255 1 0.5 300 50
-5 1 -0 0.3 255 255 255 1 0.5 300 50
-5 1 -2 0.3 255 255 255 1 0.5 300 50
-5 1 -4 0.3 255 255 255 1 0.5 300 50
-5 1 -6 0.3 255 255 255 1 0.5 300 50
-5 1 -8 0.3 255 255 255 1 0.5 300 50
-5 1 -10 0.3 255 255 255 1 0.5 300 50
-5 1 -12 0.3 255 255 255 1 0.5 300 50
-5 1 -14 0.3 255 255 255 1 0.5 300 50
-5 1 -16 0.3 255 255 255 1 0.5 300 50
-5 1 -18 0.3 255 255 255 1 0.5 300 50
-5 3 -0 0.3 255 255 255 1 0.5 300 50
-5 3 -2 0.3 255 255 255 1 0.5 300 50
-5 3 -4 0.3 255 255 255 1 0.5 300 50
-5 3 -6 0.3 255 255 255 1 0.5 300 50
-5 3 -8 0.3 255 255 255 1 0.5 300 50
-5 3 -10 0.3 255 255 255 1 0.5 300 50
-5 3 -12 0.3 255 255 255 1 0.5 300 50
-5 3 -14 0.3 255 255 255 1 0.5 300 50
-5 3 -16 0.3 255 255 255 1 0.5 300 50
-5 3 -18 0.3 255 255 255 1 0.5 300 50
-5 5 -0 0.3 255 255 255 1 0.5 300 50
-5 5 -2 0.3 255 255 255 1 0.5 300 50
-5 5 -4 0.3 255 255 255 1 0.5 300 50
-5 5 -6 0.3 255 255 255 1 0.5 300 50
-5 5 -8 0.3 255 255 255 1 0.5 300 50
-5 5 -10 0.3 255 255 255 1 0.5 300 50
-5 5 -12 0.3 255 255 255 1 0.5 300 50
-5 5 -14 0.3 255 255 255 1 0.5 300 50
-5 5 -16 0.3 255 255 255 1 0.5 300 50
-5 5 -18 0.3 255 255 255 1 0.5 300 50
-5 7 -0 0.3 255 255 255 1 0.5 300 50
-5 7 -2 0.3 255 255 255 1 0.5 300 50
-5 7 -4 0.3 255 255 255 1 0.5 300 50
-5 7 -6 0.3 255 255 255 1 0.5 300 50
-5 7 -8 0.3 255 255 255 1 0.5 300 50
-5 7 -10 0.3 255 255 255 1 0.5 300 50
-5 7 -12 0.3 255 255 255 1 0.5 300 50
-5 7 -14 0.3 255 255 255 1 0.5 300 50
-5 7 -16 0.3 255 255 255 1 0.5 300 50
-5 7 -18 0.3 255 255 255 1 0.5 300 50
-5 9 -0 0.3 255 255 255 1 0.5 300 50
-5 9 -2 0.3 255 255 255 1 0.5 300 50
-5 9 -4 0.3 255 255 255 1 0.5 300 50
-5 9 -6 0.3 255 255 255 1 0.5 300 50
-5 9 -8 0.3 255 255 255 1 0.5 300 50
-5 9 -10 0.3 255 255 255 1 0.5 300 50
-5 9 -12 0.3 255 255 255 1 0.5 300 50
-5 9 -14 0.3 255 255 255 1 0.5 300 50
-5 9 -16 0.3 255 255 255 1 0.5 300 50
-5 9 -18 0.3 255 255 255 1 0.5 300 50
-3 -9 -0 0.3 255 255 255 1 0.5 300 50
-3 -9 -2 0.3 255 255 255 1 0.5 300 50
-3 -9 -4 0.3 255 255 255 1 0.5 300 50
-3 -9 -6 0.3 255 255 255 1 0.5 300 50
-3 -9 -8 0.3 255 255 255 1 0.5 300 50
-3 -9 -10 0.3 255 255 255 1 0.5 300 50
-3 -9 -12 0.3 255 255 255 1 0.5 300 50
-3 -9 -14 0.3 255 255 255 1 0.5 300 50
-3 -9 -16 0.3 255 255 255 1 0.5 300 50
-3 -9 -18 0.3 255 255 255 1 0.5 300 50
-3 -7 -0 0.3 255 255 255 1 0.5 300 50
-3 -7 -2 0.3 255 255 255 1 0.5 300 50
-3 -7 -4 0.3 255 255 255 1 0.5 300 50
-3 -7 -6 0.3 255 255 255 1 0.5 300 50
-3 -7 -8 0.3 255 255 255 1 0.5 300 50
-3 -7 -10 0.3 255 255 255 1 0.5 300 50
-3 -7 -12 0.3 255 255 255 1 0.5 300 50
-3 -7 -14 0.3 255 255 255 1 0.5 300 50
-3 -7 -16 0.3 255 255 255 1 0.5 300 50
-3 -7 -18 0.3 255 255 255 1 0.5 300 50
-3 -5 -0 0.3 255 255 255 1 0.5 300 50
-3 -5 -2 0.3 255 255 255 1 0.5 300 50
-3 -5 -4 0.3 255 255 255 1 0.5 300 50
-3 -5 -6 0.3 255 255 255 1 0.5 300 50
-3 -5 -8 0.3 255 255 255 1 0.5 300 50
-3 -5 -10 0.3 255 255 255 1 0.5 300 50
-3 -5 -12 0.3 255 255 255 1 0.5 300 50
-3 -5 -14 0.3 255 255 255 1 0.5 300 50
-3 -5 -16 0.3 255 255 255 1 0.5 300 50
-3 -5 -18 0.3 255 255 255 1 0.5 300 50
-3 -3 -0 0.3 255 255 255 1 0.5 300 50
-3 -3 -2 0.3 255 255 255 1 0.5 300 50
-3 -3 -4 0.3 255 255 255 1 0.5 300 50
-3 -3 -6 0.3 255 255 255 1 0.5 300 50
-3 -3 -8 0.3 255 255 255 1 0.5 300 50
-3 -3 -10 0.3 255 255 255 1 0.5 300 50
-3 -3 -12 0.3 255 255 255 1 0.5 300 50
-3 -3 -14 0.3 255 255 255 1 0.5 300 50
-3 -3 -16 0.3 255 255 255 1 0.5 300 50
-3 -3 -18 0.3 255 255 255 1 0.5 300 50
-3 -1 -0 0.3 255 255 255 1 0.5 300 50
-3 -1 -2 0.3 255 255 255 1 0.5 300 50
-3 -1 -4 0.3 255 255 255 1 0.5 300 50
-3 -1 -6 0.3 255 255 255 1 0.5 300 50
-3 -1 -8 0.3 255 255 255 1 0.5 300 50
-3 -1 -10 0.3 255 255 255 1 0.5 300 50
-3 -1 -12 0.3 255 255 255 1 0.5 300 50
-3 -1 -14 0.3 255 255 255 1 0.5 300 50
-3 -1 -16 0.3 255 255 255 1 0.5 300 50
-3 -1 -18 0.3 255 255 255 1 0.5 300 50
-3 1 -0 0.3 255 255 255 1 0.5 300 50
-3 1 -2 0.3 255 255 255 1 0.5 300 50
-3 1 -4 0.3 255 255 255 1 0.5 300 50
-3 1 -6 0.3 255 255 255 1 0.5 300 50
-3 1 -8 0.3 255 255 255 1 0.5 300 50
-3 1 -10 0.3 255 255 255 1 0.5 300 50
-3 1 -12 0.3 255 255 255 1 0.5 300 50
-3 1 -14 0.3 255 255 255 1 0.5 300 50
-3 1 -16 0.3 255 255 255 1 0.5 300 50
-3 1 -18 0.3 255 255 255 1 0.5 300 50
-3 3 -0 0.3 255 255 255 1 0.5 300 50
-3 3 -2 0.3 255 255 255 1 0.5 300 50
-3 3 -4 0.3 255 255 255 1 0.5 300 50
-3 3 -6 0.3 255 255 255 1 0.5 300 50
-3 3 -8 0.3 255 255 255 1 0.5 300 50
-3 3 -10 0.3 255 255 255 1 0.5 300 50
-3 3 -12 0.3 255 255 255 1 0.5 300 50
-3 3 -14 0.3 255 255 255 1 0.5 300 50
-3 3 -16 0.3 255 255 255 1 0.5 300 50
-3 3 -18 0.3 255 255 255 1 0.5 300 50
-3 5 -0 0.3 255 255 255 1 0.5 300 50
-3 5 -2 0.3 255 255 255 1 0.5 300 50
-3 5 -4 0.3 255 255 255 1 0.5 300 50
-3 5 -6 0.3 255 255 255 1 0.5 300 50
-3 5 -8 0.3 255 255 255 1 0.5 300 50
-3 5 -10 0.3 255 255 255 1 0.5 300 50
-3 5 -12 0.3 255 255 255 1 0.5 300 50
-3 5 -14 0.3 255 255 255 1 0.5 300 50
-3 5 -16 0.3 255 255 255 1 0.5 300 50
-3 5 -18 0.3 255 255 255 1 0.5 300 50
-3 7 -0 0.3 255 255 255 1 0.5 300 50
-3 7 -2 0.3 255 255 255 1 0.5 300 50
-3 7 -4 0.3 255 255 255 1 0.5 300 50
-3 7 -6 0.3 255 255 255 1 0.5 300 50
-3 7 -8 0.3 255 255 255 1 0.5 300 50
-3 7 -10 0.3 255 255 255 1 0.5 300 50
-3 7 -12 0.3 255 255 255 1 0.5 300 50
-3 7 -14 0.3 255 255 255 1 0.5 300 50
-3 7 -16 0.3 255 255 255 1 0.5 300 50
-3 7 -18 0.3 255 255 255 1 0.5 300 50
-3 9 -0 0.3 255 255 255 1 0.5 300 50
-3 9 -2 0.3 255 255 255 1 0.5 300 50
-3 9 -4 0.3 255 255 255 1 0.5 300 50
-3 9 -6 0.3 255 255 255 1 0.5 300 50
-3 9 -8 0.3 255 255 255 1 0.5 300 50
-3 9 -10 0.3 255 255 255 1 0.5 300 50
-3 9 -12 0.3 255 255 255 1 0.5 300 50
-3 9 -14 0.3 255 255 255 1 0.5 300 50
-3 9 -16 0.3 255 255 255 1 0.5 300 50
-3 9 -18 0.3 255 255 255 1 0.5 300 50
-1 -9 -0 0.3 255 255 255 1 0.5 300 50
-1 -9 -2 0.3 255 255 255 1 0.5 300 50
-1 -9 -4 0.3 255 255 255 1 0.5 300 50
-1 -9 -6 0.3 255 255 255 1 0.5 300 50
-1 -9 -8 0.3 255 255 255 1 0.5 300 50
-1 -9 -10 0.3 255 255 255 1 0.5 300 50
-1 -9 -12 0.3 255 255 255 1 0.5 300 50
-1 -9 -14 0.3 255 255 255 1 0.5 300 50
-1 -9 -16 0.3 255 255 255 1 0.5 300 50
-1 -9 -18 0.3 255 255 255 1 0.5 300 50
-1 -7 -0 0.3 255 255 255 1 0.5 300 50
-1 -7 -2 0.3 255 255 255 1 0.5 300 50
-1 -7 -4 0.3 255 255 255 1 0.5 300 50
-1 -7 -6 0.3 255 255 255 1 0.5 300 50
-1 -7 -8 0.3 255 255 255 1 0.5 300 50
-1 -7 -10 0.3 255 255 255 1 0.5 300 50
-1 -7 -12 0.3 255 255 255 1 0.5 300 50
-1 -7 -14 0.3 255 255 255 1 0.5 300 50
-1 -7 -16 0.3 255 255 255 1 0.5 300 50
-1 -7 -18 0.3 255 255 255 1 0.5 300 50
-1 -5 -0 0.3 255 255 255 1 0.5 300 50
-1 -5 -2 0.3 255 255 255 1 0.5 300 50
-1 -5 -4 0.3 255 255 255 1 0.5 300 50
-1 -5 -6 0.3 255 255 255 1 0.5 300 50
-1 -5 -8 0.3 255 255 255 1 0.5 300 50
-1 -5 -10 0.3 255 255 255 1 0.5 300 50
-1 -5 -12 0.3 255 255 255 1 0.5 300 50
-1 -5 -14 0.3 255 255 255 1 0.5 300 50
-1 -5 -16 0.3 255 255 255 1 0.5 300 50
-1 -5 -18 0.3 255 255 255 1 0.5 300 50
-1 -3 -0 0.3 255 255 255 1 0.5 300 50
-1 -3 -2 0.3 255 255 255 1 0.5 300 50
-1 -3 -4 0.3 255 255 255 1 0.5 300 50
-1 -3 -6 0.3 255 255 255 1 0.5 300 50
-1 -3 -8 0.3 255 255 255 1 0.5 300 50
-1 -3 -10 0.3 255 255 255 1 0.5 300 50
-1 -3 -12 0.3 255 255 255 1 0.5 300 50
-1 -3 -14 0.3 255 255 255 1 0.5 300 50
-1 -3 -16 0.3 255 255 255 1 0.5 300 50
-1 -3 -18 0.3 255 255 255 1 0.5 300 50
-1 -1 -0 0.3 255 255 255 1 0.5 300 50
-1 -1 -2 0.3 255 255 255 1 0.5 300 50
-1 -1 -4 0.3 255 255 255 1 0.5 300 50
-1 -1 -6 0.3 255 255 255 1 0.5 300 50
-1 -1 -8 0.3 255 255 255 1 0.5 300 50
-1 -1 -10 0.3 255 255 255 1 0.5 300 50
-1 -1 -12 0.3 255 255 255 1 0.5 300 50
-1 -1 -14 0.3 255 255 255 1 0.5 300 50
-1 -1 -16 0.3 255 255 255 1 0.5 300 50
-1 -1 -18 0.3 255 255 255 1 0.5 300 50
-1 1 -0 0.3 255 255 255 1 0.5 300 50
-1 1 -2 0.3 255 255 255 1 0.5 300 50
-1 1 -4 0.3 255 255 255 1 0.5 300 50
-1 1 -6 0.3 255 255 255 1 0.5 300 50
-1 1 -8 0.3 255 255 255 1 0.5 300 50
-1 1 -10 0.3 255 255 255 1 0.5 300 50
-1 1 -12 0.3 255 255 255 1 0.5 300 50
-1 1 -14 0.3 255 255 255 1 0.5 300 50
-1 1 -16 0.3 255 255 255 1 0.5 300 50
-1 1 -18 0.3 255 255 255 1 0.5 300 50
-1 3 -0 0.3 255 255 255 1 0.5 300 50
-1 3 -2 0.3 255 255 255 1 0.5 300 50
-1 3 -4 0.3 255 255 255 1 0.5 300 50
-1 3 -6 0.3 255 255 255 1 0.5 300 50
-1 3 -8 0.3 255 255 255 1 0.5 300 50
-1 3 -10 0.3 255 255 255 1 0.5 300 50
-1 3 -12 0.3 255 255 255 1 0.5 300 50
-1 3 -14 0.3 255 255 255 1 0.5 300 50
-1 3 -16 0.3 255 255 255 1 0.5 300 50
-1 3 -18 0.3 255 255 255 1 0.5 300 50
-1 5 -0 0.3 255 255 255 1 0.5 300 50
-1 5 -2 0.3 255 255 255 1 0.5 300 50
-1 5 -4 0.3 255 255 255 1 0.5 300 50
-1 5 -6 0.3 255 255 255 1 0.5 300 50
-1 5 -8 0.3 255 255 255 1 0.5 300 50
-1 5 -10 0.3 255 255 255 1 0.5 300 50
-1 5 -12 0.3 255 255 255 1 0.5 300 50
-1 5 -14 0.3 255 255 255 1 0.5 300 50
-1 5 -16 0.3 255 255 255 1 0.5 300 50
-1 5 -18 0.3 255 255 255 1 0.5 300 50
-1 7 -0 0.3 255 255 255 1 0.5 300 50
-1 7 -2 0.3 255 255 255 1 0.5 300 50
-1 7 -4 0.3 255 255 255 1 0.5 300 50
-1 7 -6 0.3 255 255 255 1 0.5 300 50
-1 7 -8 0.3 255 255 255 1 0.5 300 50
-1 7 -10 0.3 255 255 255 1 0.5 300 50
-1 7 -12 0.3 255 255 255 1 0.5 300 50
-1 7 -14 0.3 255 255 255 1 0.5 300 50
-1 7 -16 0.3 255 255 255 1 0.5 300 50
-1 7 -18 0.3 255 255 255 1 0.5 300 50
-1 9 -0 0.3 255 255 255 1 0.5 300 50
-1 9 -2 0.3 255 255 255 1 0.5 300 50
-1 9 -4 0.3 255 255 255 1 0.5 300 50
-1 9 -6 0.3 255 255 255 1 0.5 300 50
-1 9 -8 0.3 255 255 255 1 0.5 300 50
-1 9 -10 0.3 255 255 255 1 0.5 300 50
-1 9 -12 0.3 255 255 255 1 0.5 300 50
-1 9 -14 0.3 255 255 255 1 0.5 300 50
-1 9 -16 0.3 255 255 255 1 0.5 300 50
-1 9 -18 0.3 255 255 255 1 0.5 300 50
1 -9 -0 0.3 255 255 255 1 0.5 300 50
1 -9 -2 0.3 255 255 255 1 0.5 300 50
1 -9 -4 0.3 255 255 255 1 0.5 300 50
1 -9 -6 0.3 255 255 255 1 0.5 300 50
1 -9 -8 0.3 255 255 255 1 0.5 300 50
1 -9 -10 0.3 255 255 255 1 0.5 300 50
1 -9 -12 0.3 255 255 255 1 0.5 300 50
1 -9 -14 0.3 255 255 255 1 0.5 300 50
1 -9 -16 0.3 255 255 255 1 0.5 300 50
1 -9 -18 0.3 255 255 255 1 0.5 300 50
1 -7 -0 0.3 255 255 255 1 0.5 300 50
1 -7 -2 0.3 255 255 255 1 0.5 300 50
1 -7 -4 0.3 255 255 255 1 0.5 300 50
1 -7 -6 0.3 255 255 255 1 0.5 300 50
1 -7 -8 0.3 255 255 255 1 0.5 300 50
1 -7 -10 0.3 255 255 255 1 0.5 300 50
1 -7 -12 0.3 255 255 255 1 0.5 300 50
1 -7 -14 0.3 255 255 255 1 0.5 300 50
1 -7 -16 0.3 255 255 255 1 0.5 300 50
1 -7 -18 0.3 255 255 255 1 0.5 300 50
1 -5 -0 0.3 255 255 255 1 0.5 300 50
1 -5 -2 0.3 255 255 255 1 0.5 300 50
1 -5 -4 0.3 255 255 255 1 0.5 300 50
1 -5 -6 0.3 255 255 255 1 0.5 300 50
1 -5 -8 0.3 255 255 255 1 0.5 300 50
1 -5 -10 0.3 255 255 255 1 0.5 300 50
1 -5 -12 0.3 255 255 255 1 0.5 300 50
1 -5 -14 0.3 255 255 255 1 0.5 300 50
1 -5 -16 0.3 255 255 255 1 0.5 300 50
1 -5 -18 0.3 255 255 255 1 0.5 300 50
1 -3 -0 0.3 255 255 255 1 0.5 300 50
1 -3 -2 0.3 255 255 255 1 0.5 300 50
1 -3 -4 0.3 255 255 255 1 0.5 300 50
1 -3 -6 0.3 255 255 255 1 0.5 300 50
1 -3 -8 0.3 255 255 255 1 0.5 300 50
1 -3 -10 0.3 255 255 255 1 0.5 300 50
1 -3 -12 0.3 255 255 255 1 0.5 300 50
1 -3 -14 0.3 255 255 255 1 0.5 300 50
1 -3 -16 0.3 255 255 255 1 0.5 300 50
1 -3 -18 0.3 255 255 255 1 0.5 300 50
1 -1 -0 0.3 255 255 255 1 0.5 300 50
1 -1 -2 0.3 255 255 255 1 0.5 300 50
1 -1 -4 0.3 255 255 255 1 0.5 300 50
1 -1 -6 0.3 255 255 255 1 0.5 300 50
1 -1 -8 0.3 255 255 255 1 0.5 300 50
1 -1 -10 0.3 255 255 255 1 0.5 300 50
1 -1 -12 0.3 255 255 255 1 0.5 300 50
1 -1 -14 0.3 255 255 255 1 0.5 300 50
1 -1 -16 0.3 255 255 255 1 0.5 300 50
1 -1 -18 0.3 255 255 255 1 0.5 300 50
1 1 -0 0.3 255 255 255 1 0.5 300 50
1 1 -2 0.3 255 255 255 1 0.5 300 50
1 1 -4 0.3 255 255 255 1 0.5 300 50
1 1 -6 0.3 255 255 255 1 0.5 300 50
1 1 -8 0.3 255 255 255 1 0.5 300 50
1 1 -10 0.3 255 255 255 1 0.5 300 50
1 1 -12 0.3 255 255 255 1 0.5 300 50
1 1 -14 0.3 255 255 255 1 0.5 300 50
1 1 -16 0.3 255 255 255 1 0.5 300 50
1 1 -18 0.3 255 255 255 1 0.5 300 50
1 3 -0 0.3 255 255 255 1 0.5 300 50
1 3 -2 0.3 255 255 255 1 0.5 300 50
1 3 -4 0.3 255 255 255 1 0.5 300 50
1 3 -6 0.3 255 255 255 1 0.5 300 50
1 3 -8 0.3 255 255 255 1 0.5 300 50
1 3 -10 0.3 255 255 255 1 0.5 300 50
1 3 -12 0.3 255 255 255 1 0.5 300 50
1 3 -14 0.3 255 255 255 1 0.5 300 50
1 3 -16 0.3 255 255 255 1 0.5 300 50
1 3 -18 0.3 255 255 255 1 0.5 300 50
1 5 -0 0.3 255 255 255 1 0.5 300 50
1 5 -2 0.3 255 255 255 1 0.5 300 50
1 5 -4 0.3 255 255 255 1 0.5 300 50
1 5 -6 0.3 255 255 255 1 0.5 300 50
1 5 -8 0.3 255 255 255 1 0.5 300 50
1 5 -10 0.3 255 255 255 1 0.5 300 50
1 5 -12 0.3 255 255 255 1 0.5 300 50
1 5 -14 0.3 255 255 255 1 0.5 300 50
1 5 -16 0.3 255 255 255 1 0.5 300 50
1 5 -18 0.3 255 255 255 1 0.5 300 50
1 7 -0 0.3 255 255 255 1 0.5 300 50
1 7 -2 0.3 255 255 255 1 0.5 300 50
1 7 -4 0.3 255 255 255 1 0.5 300 50
1 7 -6 0.3 255 255 255 1 0.5 300 50
1 7 -8 0.3 255 255 255 1 0.5 300 50
1 7 -10 0.3 255 255 255 1 0.5 300 50
1 7 -12 0.3 255 255 255 1 0.5 300 50
1 7 -14 0.3 255 255 255 1 0.5 300 50
1 7 -16 0.3 255 255 255 1 0.5 300 50
1 7 -18 0.3 255 255 255 1 0.5 300 50
1 9 -0 0.3 255 255 255 1 0.5 300 50
1 9 -2 0.3 255 255 255 1 0.5 300 50
1 9 -4 0.3 255 255 255 1 0.5 300 50
1 9 -6 0.3 255 255 255 1 0.5 300 50
1 9 -8 0.3 255 255 255 1 0.5 300 50
1 9 -10 0.3 255 255 255 1 0.5 300 50
1 9 -12 0.3 255 255 255 1 0.5 300 50
1 9 -14 0.3 255 255 255 1 0.5 300 50
1 9 -16 0.3 255 255 255 1 0.5 300 50
1 9 -18 0.3 255 255 255 1 0.5 300 50
3 -9 -0 0.3 255 255 255 1 0.5 300 50
3 -9 -2 0.3 255 255 255 1 0.5 300 50
3 -9 -4 0.3 255 255 255 1 0.5 300 50
3 -9 -6 0.3 255 255 255 1 0.5 300 50
3 -9 -8 0.3 255 255 255 1 0.5 300 50
3 -9 -10 0.3 255 255 255 1 0.5 300 50
3 -9 -12 0.3 255 255 255 1 0.5 300 50
3 -9 -14 0.3 255 255 255 1 0.5 300 50
3 -9 -16 0.3 255 255 255 1 0.5 300 50
3 -9 -18 0.3 255 255 255 1 0.5 300 50
3 -7 -0 0.3 255 255 255 1 0.5 300 50
3 -7 -2 0.3 255 255 255 1 0.5 300 50
3 -7 -4 0.3 255 255 255 1 0.5 300 50
3 -7 -6 0.3 255 255 255 1 0.5 300 50
3 -7 -8 0.3 255 255 255 1 0.5 300 50
3 -7 -10 0.3 255 255 255 1 0.5 300 50
3 -7 -12 0.3 255 255 255 1 0.5 300 50
3 -7 -14 0.3 255 255 255 1 0.5 300 50
3 -7 -16 0.3 255 255 255 1 0.5 300 50
3 -7 -18 0.3 255 255 255 1 0.5 300 50
3 -5 -0 0.3 255 255 255 1 0.5 300 50
3 -5 -2 0.3 255 255 255 1 0.5 300 50
3 -5 -4 0.3 255 255 255 1 0.5 300 50
3 -5 -6 0.3 255 255 255 1 0.5 300 50
3 -5 -8 0.3 255 255 255 1 0.5 300 50
3 -5 -10 0.3 255 255 255 1 0.5 300 50
3 -5 -12 0.3 255 255 255 1 0.5 300 50
3 -5 -14 0.3 255 255 255 1 0.5 300 50
3 -5 -16 0.3 255 255 255 1 0.5 300 50
3 -5 -18 0.3 255 255 255 1 0.5 300 50
3 -3 -0 0.3 255 255 255 1 0.5 300 50
3 -3 -2 0.3 255 255 255 1 0.5 300 50
3 -3 -4 0.3 255 255 255 1 0.5 300 50
3 -3 -6 0.3 255 255 255 1 0.5 300 50
3 -3 -8 0.3 255 255 255 1 0.5 300 50
3 -3 -10 0.3 255 255 255 1 0.5 300 50
3 -3 -12 0.3 255 255 255 1 0.5 300 50
3 -3 -14 0.3 255 255 255 1 0.5 300 50
3 -3 -16 0.3 255 255 255 1 0.5 300 50
3 -3 -18 0.3 255 255 255 1 0.5 300 50
3 -1 -0 0.3 255 255 255 1 0.5 300 50
3 -1 -2 0.3 255 255 255 1 0.5 300 50
3 -1 -4 0.3 255 255 255 1 0.5 300 50
3 -1 -6 0.3 255 255 255 1 0.5 300 50
3 -1 -8 0.3 255 255 255 1 0.5 300 50
3 -1 -10 0.3 255 255 255 1 0.5 300 50
3 -1 -12 0.3 255 255 255 1 0.5 300 50
3 -1 -14 0.3 255 255 255 1 0.5 300 50
3 -1 -16 0.3 255 255 255 1 0.5 300 50
3 -1 -18 0.3 255 255 255 1 0.5 300 50
3 1 -0 0.3 255 255 255 1 0.5 300 50
3 1 -2 0.3 255 255 255 1 0.5 300 50
3 1 -4 0.3 255 255 255 1 0.5 300 50
3 1 -6 0.3 255 255 255 1 0.5 300 50
3 1 -8 0.3 255 255 255 1 0.5 300 50
3 1 -10 0.3 255 255 255 1 0.5 300 50
3 1 -12 0.3 255 255 255 1 0.5 300 50
3 1 -14 0.3 255 255 255 1 0.5 300 50
3 1 -16 0.3 255 255 255 1 0.5 300 50
3 1 -18 0.3 255 255 255 1 0.5 300 50
3 3 -0 0.3 255 255 255 1 0.5 300 50
3 3 -2 0.3 255 255 255 1 0.5 300 50
3 3 -4 0.3 255 255 255 1 0.5 300 50
3 3 -6 0.3 255 255 255 1 0.5 300 50
3 3 -8 0.3 255 255 255 1 0.5 300 50
3 3 -10 0.3 255 255 255 1 0.5 300 50
3 3 -12 0.3 255 255 255 1 0.5 300 50
3 3 -14 0.3 255 255 255 1 0.5 300 50
3 3 -16 0.3 255 255 255 1 0.5 300 50
3 3 -18 0.3 255 255 255 1 0.5 300 50
3 5 -0 0.3 255 255 255 1 0.5 300 50
3 5 -2 0.3 255 255 255 1 0.5 300 50
3 5 -4 0.3 255 255 255 1 0.5 300 50
3 5 -6 0.3 255 255 255 1 0.5 300 50
3 5 -8 0.3 255 255 255 1 0.5 300 50
3 5 -10 0.3 255 255 255 1 0.5 300 50
3 5 -12 0.3 255 255 255 1 0.5 300 50
3 5 -14 0.3 255 255 255 1 0.5 300 50
3 5 -16 0.3 255 255 255 1 0.5 300 50
3 5 -18 0.3 255 255 255 1 0.5 300 50
3 7 -0 0.3 255 255 255 1 0.5 300 50
3 7 -2 0.3 255 255 255 1 0.5 300 50
3 7 -4 0.3 255 255 255 1 0.5 300 50
3 7 -6 0.3 255 255 255 1 0.5 300 50
3 7 -8 0.3 255 255 255 1 0.5 300 50
3 7 -10 0.3 255 255 255 1 0.5 300 50
3 7 -12 0.3 255 255 255 1 0.5 300 50
3 7 -14 0.3 255 255 255 1 0.5 300 50
3 7 -16 0.3 255 255 255 1 0.5 300 50
3 7 -18 0.3 255 255 255 1 0.5 300 50
3 9 -0 0.3 255 255 255 1 0.5 300 50
3 9 -2 0.3 255 255 255 1 0.5 300 50
3 9 -4 0.3 255 255 255 1 0.5 300 50
3 9 -6 0.3 255 255 255 1 0.5 300 50
3 9 -8 0.3 255 255 255 1 0.5 300 50
3 9 -10 0.3 255 255 255 1 0.5 300 50
3 9 -12 0.3 255 255 255 1 0.5 300 50
3 9 -14 0.3 255 255 255 1 0.5 300 50
3 9 -16 0.3 255 255 255 1 0.5 300 50
3 9 -18 0.3 255 255 255 1 0.5 300 50
5 -9 -0 0.3 255 255 255 1 0.5 300 50
5 -9 -2 0.3 255 255 255 1 0.5 300 50
5 -9 -4 0.3 255 255 255 1 0.5 300 50
5 -9 -6 0.3 255 255 255 1 0.5 300 50
5 -9 -8 0.3 255 255 255 1 0.5 300 50
5 -9 -10 0.3 255 255 255 1 0.5 300 50
5 -9 -12 0.3 255 255 255 1 0.5 300 50
5 -9 -14 0.3 255 255 255 1 0.5 300 50
5 -9 -16 0.3 255 255 255 1 0.5 300 50
5 -9 -18 0.3 255 255 255 1 0.5 300 50
5 -7 -0 0.3 255 255 255 1 0.5 300 50
5 -7 -2 0.3 255 255 255 1 0.5 300 50
5 -7 -4 0.3 255 255 255 1 0.5 300 50
5 -7 -6 0.3 255 255 255 1 0.5 300 50
5 -7 -8 0.3 255 255 255 1 0.5 300 50
5 -7 -10 0.3 255 255 255 1 0.5 300 50
5 -7 -12 0.3 255 255 255 1 0.5 300 50
5 -7 -14 0.3 255 255 255 1 0.5 300 50
5 -7 -16 0.3 255 255 255 1 0.5 300 50
5 -7 -18 0.3 255 255 255 1 0.5 300 50
5 -5 -0 0.3 255 255 255 1 0.5 300 50
5 -5 -2 0.3 255 255 255 1 0.5 300 50
5 -5 -4 0.3 255 255 255 1 0.5 300 50
5 -5 -6 0.3 255 255 255 1 0.5 300 50
5 -5 -8 0.3 255 255 255 1 0.5 300 50
5 -5 -10 0.3 255 255 255 1 0.5 300 50
5 -5 -12 0.3 255 255 255 1 0.5 300 50
5 -5 -14 0.3 255 255 255 1 0.5 300 50
5 -5 -16 0.3 255 255 255 1 0.5 300 50
5 -5 -18 0.3 255 255 255 1 0.5 300 50
5 -3 -0 0.3 255 255 255 1 0.5 300 50
5 -3 -2 0.3 255 255 255 1 0.5 300 50
5 -3 -4 0.3 255 255 255 1 0.5 300 50
5 -3 -6 0.3 255 255 255 1 0.5 300 50
5 -3 -8 0.3 255 255 255 1 0.5 300 50
5 -3 -10 0.3 255 255 255 1 0.5 300 50
5 -3 -12 0.3 255 255 255 1 0.5 300 50
5 -3 -14 0.3 255 255 255 1 0.5 300 50
5 -3 -16 0.3 255 255 255 1 0.5 300 50
5 -3 -18 0.3 255 255 255 1 0.5 300 50
5 -1 -0 0.3 255 255 255 1 0.5 300 50
5 -1 -2 0.3 255 255 255 1 0.5 300 50
5 -1 -4 0.3 255 255 255 1 0.5 300 50
5 -1 -6 0.3 255 255 255 1 0.5 300 50
5 -1 -8 0.3 255 255 255 1 0.5 300 50
5 -1 -10 0.3 255 255 255 1 0.5 300 50
5 -1 -12 0.3 255 255 255 1 0.5 300 50
5 -1 -14 0.3 255 255 255 1 0.5 300 50
5 -1 -16 0.3 255 255 255 1 0.5 300 50
5 -1 -18 0.3 255 255 255 1 0.5 300 50
5 1 -0 0.3 255 255 255 1 0.5 300 50
5 1 -2 0.3 255 255 255 1 0.5 300 50
5 1 -4 0.3 255 255 255 1 0.5 300 50
5 1 -6 0.3 255 255 255 1 0.5 300 50
5 1 -8 0.3 255 255 255 1 0.5 300 50
5 1 -10 0.3 255 255 255 1 0.5 300 50
5 1 -12 0.3 255 255 255 1 0.5 300 50
5 1 -14 0.3 255 255 255 1 0.5 300 50
5 1 -16 0.3 255 255 255 1 0.5 300 50
5 1 -18 0.3 255 255 255 1 0.5 300 50
5 3 -0 0.3 255 255 255 1 0.5 300 50
5 3 -2 0.3 255 255 255 1 0.5 300 50
5 3 -4 0.3 255 255 255 1 0.5 300 50
5 3 -6 0.3 255 255 255 1 0.5 300 50
5 3 -8 0.3 255 255 255 1 0.5 300 50
5 3 -10 0.3 255 255 255 1 0.5 300 50
5 3 -12 0.3 255 255 255 1 0.5 300 50
5 3 -14 0.3 255 255 255 1 0.5 300 50
5 3 -16 0.3 255 255 255 1 0.5 300 50
5 3 -18 0.3 255 255 255 1 0.5 300 50
5 5 -0 0.3 255 255 255 1 0.5 300 50
5 5 -2 0.3 255 255 255 1 0.5 300 50
5 5 -4 0.3 255 255 255 1 0.5 300 50
5 5 -6 0.3 255 255 255 1 0.5 300 50
5 5 -8 0.3 255 255 255 1 0.5 300 50
5 5 -10 0.3 255 255 255 1 0.5 300 50
5 5 -12 0.3 255 255 255 1 0.5 300 50
5 5 -14 0.3 255 255 255 1 0.5 300 50
5 5 -16 0.3 255 255 255 1 0.5 300 50
5 5 -18 0.3 255 255 255 1 0.5 300 50
5 7 -0 0.3 255 255 255 1 0.5 300 50
5 7 -2 0.3 255 255 255 1 0.5 300 50
5 7 -4 0.3 255 255 255 1 0.5 300 50
5 7 -6 0.3 255 255 255 1 0.5 300 50
5 7 -8 0.3 255 255 255 1 0.5 300 50
5 7 -10 0.3 255 255 255 1 0.5 300 50
5 7 -12 0.3 255 255 255 1 0.5 300 50
5 7 -14 0.3 255 255 255 1 0.5 300 50
5 7 -16 0.3 255 255 255 1 0.5 300 50
5 7 -18 0.3 255 255 255 1 0.5 300 50
5 9 -0 0.3 255 255 255 1 0.5 300 50
5 9 -2 0.3 255 255 255 1 0.5 300 50
5 9 -4 0.3 255 255 255 1 0.5 300 50
5 9 -6 0.3 255 255 255 1 0.5 300 50
5 9 -8 0.3 255 255 255 1 0.5 300 50
5 9 -10 0.3 255 255 255 1 0.5 300 50
5 9 -12 0.3 255 255 255 1 0.5 300 50
5 9 -14 0.3 255 255 255 1 0.5 300 50
5 9 -16 0.3 255 255 255 1 0.5 300 50
5 9 -18 0.3 255 255 255 1 0.5 300 50
7 -9 -0 0.3 255 255 255 1 0.5 300 50
7 -9 -2 0.3 255 255 255 1 0.5 300 50
7 -9 -4 0.3 255 255 255 1 0.5 300 50
7 -9 -6 0.3 255 255 255 1 0.5 300 50
7 -9 -8 0.3 255 255 255 1 0.5 300 50
7 -9 -10 0.3 255 255 255 1 0.5 300 50
7 -9 -12 0.3 255 255 255 1 0.5 300 50
7 -9 -14 0.3 255 255 255 1 0.5 300 50
7 -9 -16 0.3 255 255 255 1 0.5 300 50
7 -9 -18 0.3 255 255 255 1 0.5 300 50
7 -7 -0 0.3 255 255 255 1 0.5 300 50
7 -7 -2 0.3 255 255 255 1 0.5 300 50
7 -7 -4 0.3 255 255 255 1 0.5 300 50
7 -7 -6 0.3 255 255 255 1 0.5 300 50
7 -7 -8 0.3 255 255 255 1 0.5 300 50
7 -7 -10 0.3 255 255 255 1 0.5 300 50
7 -7 -12 0.3 255 255 255 1 0.5 300 50
7 -7 -14 0.3 255 255 255 1 0.5 300 50
7 -7 -16 0.3 255 255 255 1 0.5 300 50
7 -7 -18 0.3 255 255 255 1 0.5 300 50
7 -5 -0 0.3 255 255 255 1 0.5 300 50
7 -5 -2 0.3 255 255 255 1 0.5 300 50
7 -5 -4 0.3 255 255 255 1 0.5 300 50
7 -5 -6 0.3 255 255 255 1 0.5 300 50
7 -5 -8 0.3 255 255 255 1 0.5 300 50
7 -5 -10 0.3 255 255 255 1 0.5 300 50
7 -5 -12 0.3 255 255 255 1 0.5 300 50
7 -5 -14 0.3 255 255 255 1 0.5 300 50
7 -5 -16 0.3 255 255 255 1 0.5 300 50
7 -5 -18 0.3 255 255 255 1 0.5 300 50
7 -3 -0 0.3 255 255 255 1 0.5 300 50
7 -3 -2 0.3 255 255 255 1 0.5 300 50
7 -3 -4 0.3 255 255 255 1 0.5 300 50
7 -3 -6 0.3 255 255 255 1 0.5 300 50
7 -3 -8 0.3 255 255 255 1 0.5 300 50
7 -3 -10 0.3 255 255 255 1 0.5 300 50
7 -3 -12 0.3 255 255 255 1 0.5 300 50
7 -3 -14 0.3 255 255 255 1 0.5 300 50
7 -3 -16 0.3 255 255 255 1 0.5 300 50
7 -3 -18 0.3 255 255 255 1 0.5 300 50
7 -1 -0 0.3 255 255 255 1 0.5 300 50
7 -1 -2 0.3 255 255 255 1 0.5 300 50
7 -1 -4 0.3 255 255 255 1 0.5 300 50
7 -1 -6 0.3 255 255 255 1 0.5 300 50
7 -1 -8 0.3 255 255 255 1 0.5 300 50
7 -1 -10 0.3 255 255 255 1 0.5 300 50
7 -1 -12 0.3 255 255 255 1 0.5 300 50
7 -1 -14 0.3 255 255 255 1 0.5 300 50
7 -1 -16 0.3 255 255 255 1 0.5 300 50
7 -1 -18 0.3 255 255 255 1 0.5 300 50
7 1 -0 0.3 255 255 255 1 0.5 300 50
7 1 -2 0.3 255 255 255 1 0.5 300 50
7 1 -4 0.3 255 255 255 1 0.5 300 50
7 1 -6 0.3 255 255 255 1 0.5 300 50
7 1 -8 0.3 255 255 255 1 0.5 300 50
7 1 -10 0.3 255 255 255 1 0.5 300 50
7 1 -12 0.3 255 255 255 1 0.5 300 50
7 1 -14 0.3 255 255 255 1 0.5 300 50
7 1 -16 0.3 255 255 255 1 0.5 300 50
7 1 -18 0.3 255 255 255 1 0.5 300 50
7 3 -0 0.3 255 255 255 1 0.5 300 50
7 3 -2 0.3 255 255 255 1 0.5 300 50
7 3 -4 0.3 255 255 255 1 0.5 300 50
7 3 -6 0.3 255 255 255 1 0.5 300 50
7 3 -8 0.3 255 255 255 1 0.5 300 50
7 3 -10 0.3 255 255 255 1 0.5 300 50
7 3 -12 0.3 255 255 255 1 0.5 300 50
7 3 -14 0.3 255 255 255 1 0.5 300 50
7 3 -16 0.3 255 255 255 1 0.5 300 50
7 3 -18 0.3 255 255 255 1 0.5 300 50
7 5 -0 0.3 255 255 255 1 0.5 300 50
7 5 -2 0.3 255 255 255 1 0.5 300 50
7 5 -4 0.3 255 255 255 1 0.5 300 50
7 5 -6 0.3 255 255 255 1 0.5 300 50
7 5 -8 0.3 255 255 255 1 0.5 300 50
7 5 -10 0.3 255 255 255 1 0.5 300 50
7 5 -12 0.3 255 255 255 1 0.5 300 50
7 5 -14 0.3 255 255 255 1 0.5 300 50
7 5 -16 0.3 255 255 255 1 0.5 300 50
7 5 -18 0.3 255 255 255 1 0.5 300 50
7 7 -0 0.3 255 255 255 1 0.5 300 50
7 7 -2 0.3 255 255 255 1 0.5 300 50
7 7 -4 0.3 255 255 255 1 0.5 300 50
7 7 -6 0.3 255 255 255 1 0.5 300 50
7 7 -8 0.3 255 255 255 1 0.5 300 50
7 7 -10 0.3 255 255 255 1 0.5 300 50
7 7 -12 0.3 255 255 255 1 0.5 300 50
7 7 -14 0.3 255 255 255 1 0.5 300 50
7 7 -16 0.3 255 255 255 1 0.5 300 50
7 7 -18 0.3 255 255 255 1 0.5 300 50
7 9 -0 0.3 255 255 255 1 0.5 300 50
7 9 -2 0.3 255 255 255 1 0.5 300 50
7 9 -4 0.3 255 255 255 1 0.5 300 50
7 9 -6 0.3 255 255 255 1 0.5 300 50
7 9 -8 0.3 255 255 255 1 0.5 300 50
7 9 -10 0.3 255 255 255 1 0.5 300 50
7 9 -12 0.3 255 255 255 1 0.5 300 50
7 9 -14 0.3 255 255 255 1 0.5 300 50
7 9 -16 0.3 255 255 255 1 0.5 300 50
7 9 -18 0.3 255 255 255 1 0.5 300 50
9 -9 -0 0.3 255 255 255 1 0.5 300 50
9 -9 -2 0.3 255 255 255 1 0.5 300 50
9 -9 -4 0.3 255 255 255 1 0.5 300 50
9 -9 -6 0.3 255 255 255 1 0.5 300 50
9 -9 -8 0.3 255 255 255 1 0.5 300 50
9 -9 -10 0.3 255 255 255 1 0.5 300 50
9 -9 -12 0.3 255 255 255 1 0.5 300 50
9 -9 -14 0.3 255 255 255 1 0.5 300 50
9 -9 -16 0.3 255 255 255 1 0.5 300 50
9 -9 -18 0.3 255 255 255 1 0.5 300 50
9 -7 -0 0.3 255 255 255 1 0.5 300 50
9 -7 -2 0.3 255 255 255 1 0.5 300 50
9 -7 -4 0.3 255 255 255 1 0.5 300 50
9 -7 -6 0.3 255 255 255 1 0.5 300 50
9 -7 -8 0.3 255 255 255 1 0.5 300 50
9 -7 -10 0.3 255 255 255 1 0.5 300 50
9 -7 -12 0.3 255 255 255 1 0.5 300 50
9 -7 -14 0.3 255 255 255 1 0.5 300 50
9 -7 -16 0.3 255 255 255 1 0.5 300 50
9 -7 -18 0.3 255 255 255 1 0.5 300 50
9 -5 -0 0.3 255 255 255 1 0.5 300 50
9 -5 -2 0.3 255 255 255 1 0.5 300 50
9 -5 -4 0.3 255 255 255 1 0.5 300 50
9 -5 -6 0.3 255 255 255 1 0.5 300 50
9 -5 -8 0.3 255 255 255 1 0.5 300 50
9 -5 -10 0.3 255 255 255 1 0.5 300 50
9 -5 -12 0.3 255 255 255 1 0.5 300 50
9 -5 -14 0.3 255 255 255 1 0.5 300 50
9 -5 -16 0.3 255 255 255 1 0.5 300 50
9 -5 -18 0.3 255 255 255 1 0.5 300 50
9 -3 -0 0.3 255 255 255 1 0.5 300 50
9 -3 -2 0.3 255 255 255 1 0.5 300 50
9 -3 -4 0.3 255 255 255 1 0.5 300 50
9 -3 -6 0.3 255 255 255 1 0.5 300 50
9 -3 -8 0.3 255 255 255 1 0.5 300 50
9 -3 -10 0.3 255 255 255 1 0.5 300 50
9 -3 -12 0.3 255 255 255 1 0.5 300 50
9 -3 -14 0.3 255 255 255 1 0.5 300 50
9 -3 -16 0.3 255 255 255 1 0.5 300 50
9 -3 -18 0.3 255 255 255 1 0.5 300 50
9 -1 -0 0.3 255 255 255 1 0.5 300 50
9 -1 -2 0.3 255 255 255 1 0.5 300 50
9 -1 -4 0.3 255 255 255 1 0.5 300 50
9 -1 -6 0.3 255 255 255 1 0.5 300 50
9 -1 -8 0.3 255 255 255 1 0.5 300 50
9 -1 -10 0.3 255 255 255 1 0.5 300 50
9 -1 -12 0.3 255 255 255 1 0.5 300 50
9 -1 -14 0.3 255 255 255 1 0.5 300 50
9 -1 -16 0.3 255 255 255 1 0.5 300 50
9 -1 -18 0.3 255 255 255 1 0.5 300 50
9 1 -0 0.3 255 255 255 1 0.5 300 50
9 1 -2 0.3 255 255 255 1 0.5 300 50
9 1 -4 0.3 255 255 255 1 0.5 300 50
9 1 -6 0.3 255 255 255 1 0.5 300 50
9 1 -8 0.3 255 255 255 1 0.5 300 50
9 1 -10 0.3 255 255 255 1 0.5 300 50
9 1 -12 0.3 255 255 255 1 0.5 300 50
9 1 -14 0.3 255 255 255 1 0.5 300 50
9 1 -16 0.3 255 255 255 1 0.5 300 50
9 1 -18 0.3 255 255 255 1 0.5 300 50
9 3 -0 0.3 255 255 255 1 0.5 300 50
9 3 -2 0.3 255 255 255 1 0.5 300 50
9 3 -4 0.3 255 255 255 1 0.5 300 50
9 3 -6 0.3 255 255 255 1 0.5 300 50
9 3 -8 0.3 255 255 255 1 0.5 300 50
9 3 -10 0.3 255 255 255 1 0.5 300 50
9 3 -12 0.3 255 255 255 1 0.5 300 50
9 3 -14 0.3 255 255 255 1 0.5 300 50
9 3 -16 0.3 255 255 255 1 0.5 300 50
9 3 -18 0.3 255 255 255 1 0.5 300 50
9 5 -0 0.3 255 255 255 1 0.5 300 50
9 5 -2 0.3 255 255 255 1 0.5 300 50
9 5 -4 0.3 255 255 255 1 0.5 300 50
9 5 -6 0.3 255 255 255 1 0.5 300 50
9 5 -8 0.3 255 255 255 1 0.5 300 50
9 5 -10 0.3 255 255 255 1 0.5 300 50
9 5 -12 0.3 255 255 255 1 0.5 300 50
9 5 -14 0.3 255 255 255 1 0.5 300 50
9 5 -16 0.3 255 255 255 1 0.5 300 50
9 5 -18 0.3 255 255 255 1 0.5 300 50
9 7 -0 0.3 255 255 255 1 0.5 300 50
9 7 -2 0.3 255 255 255 1 0.5 300 50
9 7 -4 0.3 255 255 255 1 0.5 300 50
9 7 -6 0.3 255 255 255 1 0.5 300 50
9 7 -8 0.3 255 255 255 1 0.5 300 50
9 7 -10 0.3 255 255 255 1 0.5 300 50
9 7 -12 0.3 255 255 255 1 0.5 300 50
9 7 -14 0.3 255 255 255 1 0.5 300 50
9 7 -16 0.3 255 255 255 1 0.5 300 50
9 7 -18 0.3 255 255 255 1 0.5 300 50
9 9 -0 0.3 255 255 255 1 0.5 300 50
9 9 -2 0.3 255 255 255 1 0.5 300 50
9 9 -4 0.3 255 255 255 1 0.5 300 50
9 9 -6 0.3 255 255 255 1 0.5 300 50
9 9 -8 0.3 255 255 255 1 0.5 300 50
9 9 -10 0.3 255 255 255 1 0.5 300 50
9 9 -12 0.3 255 255 255 1 0.5 300 50
9 9 -14 0.3 255 255 255 1 0.5 300 50
9 9 -16 0.3 255 255 255 1 0.5 300 50
9 9 -18 0.3 255 255 255 1 0.5 300 50
